1 1 5 5 1 1 1 1 1 1 1 1 1 1 1 1
1 1 0 0 3 2 2 1 1 1 1 1 1 1 1 1
1 1 0 0 4 0 0 0 0 0 0 0 0 0 1 1
1 1 0 0 0 0 0 0 6 6 6 6 0 0 1 1
1 2 0 0 4 0 0 0 6 6 6 6 0 0 1 1
1 2 0 4 4 4 0 0 0 0 0 0 0 0 1 1
1 1 0 0 0 0 0 0 4 4 0 0 0 0 1 1
1 1 11 12 1 1 2 3 3 2 1 15 8 8 7 1
1 1 0 0 1 1 1 1 1 1 15 16 16 16 15 1
1 1 0 0 0 0 0 0 0 1 15 16 16 16 15 1
1 1 0 0 0 0 0 0 0 1 15 16 16 16 15 1
1 1 1 1 1 1 1 0 0 1 15 15 15 15 15 1
1 1 1 1 1 1 1 0 0 1 1 1 1 1 1 1
1 1 0 0 0 0 0 0 0 0 0 0 0 0 1 1
1 1 0 0 0 0 0 0 0 0 0 0 0 0 1 1
1 1 1 1 1 1 1 1 1 1 1 1 1 1 1 1
1 1 1 1 1 1 1 1 1 1 1 1 1 1 1 1